function [ rssi ] = rssi_data( n )
%RSSI_DATA Summary of this function goes here
%   Detailed explanation goes here


rssi1=[-69.00,-45.00,-65.00,-79.00,-81.00;-69.00,-45.00,-67.00,-79.00,-79.00;-69.00,-45.00,-57.00,-79.00,-79.00;-73.00,-45.00,-59.00,-79.00,-79.00;-73.00,-45.00,-51.00,-75.00,-81.00];
rssi2=[-77.00,-67.00,-57.00,-77.00,-77.00;-77.00,-65.00,-59.00,-81.00,-85.00;-73.00,-59.00,-57.00,-83.00,-71.00;-73.00,-59.00,-57.00,-83.00,-71.00;-73.00,-65.00,-59.00,-75.00,-75.00];
rssi3=[-77.00,-63.00,-63.00,-77.00,-83.00;-77.00,-71.00,-61.00,-77.00,-79.00;-75.00,-69.00,-63.00,-83.00,-79.00;-71.00,-75.00,-57.00,-83.00,-77.00;-75.00,-75.00,-63.00,-75.00,-77.00];
rssi9=[-51.00,-71.00,-75.00,-75.00,-77.00;-39.00,-69.00,-61.00,-75.00,-77.00;-49.00,-75.00,-61.00,-75.00,-77.00;-49.00,-75.00,-63.00,-75.00,-77.00;-49.00,-71.00,-59.00,-79.00,-77.00];
rssi10=[-65.00,-73.00,-57.00,-77.00,-83.00;-65.00,-71.00,-63.00,-79.00,-83.00;-71.00,-69.00,-57.00,-81.00,-83.00;-61.00,-77.00,-63.00,-79.00,-83.00;-63.00,-75.00,-67.00,-75.00,-83.00];
rssi11=[-71.00,-71.00,-57.00,-83.00,-75.00;-67.00,-73.00,-57.00,-77.00,-77.00;-73.00,-73.00,-57.00,-77.00,-77.00;-69.00,-73.00,-61.00,-87.00,-77.00;-71.00,-73.00,-59.00,-75.00,-81.00];
rssi12=[-75.00,-65.00,-55.00,-77.00,-75.00;-75.00,-75.00,-55.00,-89.00,-75.00;-73.00,-73.00,-47.00,-75.00,-75.00;-75.00,-75.00,-47.00,-77.00,-75.00;-77.00,-75.00,-45.00,-77.00,-77.00];
rssi13=[-73.00,-71.00,-41.00,-79.00,-77.00;-79.00,-75.00,-37.00,-81.00,-77.00;-75.00,-75.00,-33.00,-79.00,-79.00;-77.00,-69.00,-45.00,-75.00,-79.00;-77.00,-67.00,-37.00,-77.00,-75.00];
rssi19=[-75.00,-75.00,-57.00,-77.00,-77.00;-73.00,-77.00,-63.00,-77.00,-71.00;-75.00,-77.00,-61.00,-79.00,-75.00;-77.00,-79.00,-61.00,-79.00,-67.00;-77.00,-79.00,-61.00,-79.00,-67.00];
rssi20=[-71.00,-73.00,-63.00,-81.00,-77.00;-69.00,-77.00,-63.00,-79.00,-77.00;-69.00,-77.00,-63.00,-77.00,-77.00;-69.00,-77.00,-63.00,-79.00,-77.00;-69.00,-77.00,-63.00,-77.00,-77.00];
rssi21=[-79.00,-77.00,-61.00,-71.00,-75.00;-75.00,-73.00,-61.00,-77.00,-77.00;-73.00,-71.00,-57.00,-77.00,-81.00;-73.00,-73.00,-55.00,-75.00,-81.00;-67.00,-75.00,-57.00,-75.00,-73.00];
rssi22=[-77.00,-73.00,-87.00,-75.00,-75.00;-71.00,-77.00,-59.00,-77.00,-75.00;-73.00,-91.00,-59.00,-77.00,-71.00;-79.00,-73.00,-59.00,-79.00,-75.00;-75.00,-79.00,-61.00,-75.00,-71.00];
rssi23=[-75.00,-79.00,-65.00,-83.00,-77.00;-75.00,-79.00,-57.00,-75.00,-77.00;-75.00,-75.00,-57.00,-73.00,-77.00;-79.00,-75.00,-61.00,-75.00,-75.00;-75.00,-79.00,-61.00,-83.00,-73.00];
rssi29=[-79.00,-69.00,-77.00,-69.00,-73.00;-79.00,-79.00,-63.00,-81.00,-77.00;-79.00,-77.00,-55.00,-79.00,-75.00;-75.00,-77.00,-59.00,-75.00,-73.00;-79.00,-77.00,-67.00,-75.00,-71.00];
rssi30=[-69.00,-67.00,-57.00,-73.00,-71.00;-69.00,-67.00,-57.00,-69.00,-69.00;-69.00,-93.00,-61.00,-73.00,-69.00;-69.00,-71.00,-59.00,-75.00,-73.00;-69.00,-71.00,-59.00,-75.00,-73.00];
rssi31=[-71.00,-73.00,-65.00,-77.00,-79.00;-75.00,-75.00,-65.00,-75.00,-75.00;-73.00,-79.00,-57.00,-79.00,-77.00;-73.00,-75.00,-65.00,-79.00,-71.00;-73.00,-75.00,-65.00,-73.00,-69.00];
rssi32=[-75.00,-71.00,-69.00,-73.00,-77.00;-75.00,-79.00,-71.00,-69.00,-71.00;-67.00,-75.00,-73.00,-69.00,-63.00;-67.00,-71.00,-83.00,-69.00,-77.00;-77.00,-77.00,-69.00,-75.00,-77.00];
rssi33=[-77.00,-79.00,-55.00,-77.00,-75.00;-73.00,-77.00,-59.00,-73.00,-75.00;-75.00,-71.00,-51.00,-75.00,-77.00;-75.00,-75.00,-59.00,-75.00,-73.00;-73.00,-73.00,-53.00,-75.00,-75.00];
rssi39=[-79.00,-79.00,-57.00,-75.00,-77.00;-73.00,-75.00,-71.00,-69.00,-73.00;-77.00,-79.00,-65.00,-81.00,-75.00;-79.00,-79.00,-61.00,-79.00,-73.00;-75.00,-75.00,-65.00,-73.00,-79.00];
rssi40=[-75.00,-75.00,-59.00,-79.00,-71.00;-71.00,-73.00,-59.00,-75.00,-77.00;-75.00,-75.00,-73.00,-83.00,-69.00;-73.00,-73.00,-59.00,-67.00,-73.00;-79.00,-69.00,-55.00,-73.00,-79.00];
rssi41=[-77.00,-73.00,-63.00,-75.00,-77.00;-73.00,-73.00,-61.00,-71.00,-73.00;-75.00,-73.00,-61.00,-79.00,-65.00;-73.00,-71.00,-67.00,-71.00,-65.00;-73.00,-71.00,-61.00,-75.00,-65.00];
rssi42=[-75.00,-75.00,-65.00,-71.00,-73.00;-73.00,-75.00,-65.00,-75.00,-75.00;-73.00,-73.00,-63.00,-75.00,-71.00;-73.00,-73.00,-63.00,-71.00,-69.00;-73.00,-73.00,-65.00,-77.00,-73.00];
rssi43=[-77.00,-73.00,-63.00,-79.00,-77.00;-73.00,-75.00,-59.00,-71.00,-75.00;-79.00,-79.00,-59.00,-75.00,-73.00;-75.00,-73.00,-61.00,-73.00,-69.00;-73.00,-79.00,-69.00,-73.00,-73.00];
rssi49=[-81.00,-81.00,-67.00,-53.00,-59.00;-75.00,-81.00,-71.00,-51.00,-57.00;-73.00,-81.00,-71.00,-45.00,-57.00;-73.00,-79.00,-67.00,-55.00,-67.00;-73.00,-79.00,-67.00,-55.00,-67.00];
rssi50=[-75.00,-81.00,-61.00,-63.00,-67.00;-73.00,-83.00,-61.00,-65.00,-79.00;-75.00,-81.00,-63.00,-65.00,-73.00;-75.00,-77.00,-63.00,-63.00,-75.00;-77.00,-79.00,-65.00,-59.00,-73.00];
rssi51=[-77.00,-79.00,-71.00,-69.00,-65.00;-73.00,-75.00,-67.00,-63.00,-65.00;-77.00,-77.00,-71.00,-63.00,-61.00;-79.00,-77.00,-71.00,-71.00,-63.00;-77.00,-77.00,-67.00,-69.00,-63.00];
rssi52=[-81.00,-81.00,-73.00,-71.00,-63.00;-81.00,-81.00,-73.00,-67.00,-59.00;-83.00,-83.00,-73.00,-71.00,-59.00;-83.00,-83.00,-85.00,-73.00,-57.00;-79.00,-81.00,-71.00,-73.00,-65.00];
rssi53=[-71.00,-77.00,-67.00,-73.00,-47.00;-79.00,-75.00,-65.00,-67.00,-47.00;-73.00,-75.00,-67.00,-69.00,-49.00;-71.00,-73.00,-69.00,-67.00,-45.00;-71.00,-73.00,-69.00,-67.00,-45.00];

t(:,:,1) = rssi1;
t(:,:,2) = rssi2;
t(:,:,3) = rssi3;
t(:,:,4) = rssi9;
t(:,:,5) = rssi10;
t(:,:,6) = rssi11;
t(:,:,7) = rssi12;
t(:,:,8) = rssi13;
t(:,:,9) = rssi19;
t(:,:,10) = rssi20;
t(:,:,11) = rssi21;
t(:,:,12) = rssi22;
t(:,:,13) = rssi23;
t(:,:,14) = rssi29;
t(:,:,15) = rssi30;
t(:,:,16) = rssi31;
t(:,:,17) = rssi32;
t(:,:,18) = rssi33;
t(:,:,19) = rssi39;
t(:,:,20) = rssi40;
t(:,:,21) = rssi41;
t(:,:,22) = rssi42;
t(:,:,23) = rssi43;
t(:,:,24) = rssi49;
t(:,:,25) = rssi50;
t(:,:,26) = rssi51;
t(:,:,27) = rssi52;
t(:,:,28) = rssi53;

rssi = t(:,:,n);
end

